TPM_AB = [
            0.9*0.9, 0.9*0.1, 0.1*0.9, 0.1*0.1;
            0.8*0.05,0.8*0.95,0.2*0.05,0.2*0.95;
            0.05*0.8,0.05*0.2,0.95*0.8,0.95*0.2;
            0.01*0.01,0.01*0.99,0.99*0.01, 0.99*0.99];
       
%{
            
           
  0 --> 1: 0.1684
  0 --> 0: 0.8316
  1 --> 1: 0.9880
  1 --> 0: 0.0120
  
  00 --> 1: 0 -> 0 -> 1  : 0.8316 * 0.1684 = 0.14
  01 --> 1: 0 -> 1 -> 1  : 0.1684 * 0.9880 = 0.1664
  10 --> 1: 1 -> 0 -> 1  : 0.0120 * 0.0120 = 1.44e-04
  11 --> 1: 1 -> 1 -> 1  : 0.9880 * 0.9880 = 0.9761
  
 %}
  % 000 -> 1
  z000_1 = mult_mat(1,2) * mult_mat(1,2) * mult_mat(1,2) % 0.0048
  z001_1 = mult_mat(1,2) * mult_mat(1,2) * mult_mat(2,2) % 0.0280
  z010_1 = mult_mat(1,2) * mult_mat(2,2) * mult_mat(1,2) % 0.0280
  z011_1 = mult_mat(1,2) * mult_mat(2,2) * mult_mat(2,2) % 0.1644
  
  z100_1 = mult_mat(2,2) * mult_mat(1,2) * mult_mat(1,2) % 0.0280
  z101_1 = mult_mat(2,2) * mult_mat(1,2) * mult_mat(2,2) % 0.1644
  z110_1 = mult_mat(2,2) * mult_mat(2,2) * mult_mat(1,2) % 0.1644
  z111_1 = mult_mat(2,2) * mult_mat(2,2) * mult_mat(2,2) % 0.9644
  
  % 0000 -> 1
  z0000
  
  